theme:
  background-color: 252.0 8.431372549019608 11.627906976744185
  primary-color: 247.5 87.45098039215686 100.0
  contrast-multiplier: 1.10
